100
7762723
9999163
3929879
9999931
5388168
6697461
10
4751053
9325574
3949061
8291470
4572049
9971849
7742461
5
1144
928009
6704676
86293
8184167
8237213
12
3877633
615403
2360890
9299449
9999997
9999991
9999929
10000000
8697851
9999972
6513281
1862603
983469
8248729
11
2872729
4046177
13
4461642
7
390548
3910981
5331653
1264969
9
4170220
6463741
7203246
1
3855409
4461641
6716541
559513
9999971
1221469
9999999
4125389
2196613
9309119
9999996
8
3023326
4461643
9999995
9987391
3702389
6987083
6
3132736
8763892
1481717
1281246
3323191
592432
1507483
5001361
8603593
9999930
5462959
9682616
3
6537523
2044523
9999973
9999998
8460583
7783893
2896297
9999161
1403870
8873129
2295773
3410821
5094841
2
9999162
4
3191803
