100
4945 279540 7
121 121 11
2228 961000 6
9481 668314 4
9385 146808 1
0 1000000000000000000 1000000000
2789 205886 5
8135 346033 4
3263 62970 1
8892 186601 5
9523 81976 5
490 499674 1
9325 343906 8
5272 393026 2
573 319349 5
4370 274443 1
1925 194236 4
2851 217912 4
1813 539974 3
3825 934105 6
999 99999 78788
8764 690922 4
1616 875376 6
4609 64949 8
22322 22322 1
9628 221919 9
8989 909410 5
2965 769993 4
0 1000000000000000000 1
1000000000 1000000000000000000 1
7243 39232 6
7597 115191 5
9597 30751 2
9352 507517 9
8429 327368 2
1056 45030 4
2791 674701 5
2590 45700 5
121 132 1
1712 931656 3
1329 665400 3
8621 305784 1
4401 792858 5
6916 519450 6
2675 641763 3
1002 914907 8
5630 555906 6
701 837097 8
9929 160753 4
2871 611476 1
5992 237133 9
3901 458931 4
3748 207521 4
34432 9999920 222
1209 371972 7
9705 834597 8
3491 376189 1
886 56750 8
3976 759716 7
2433 588437 7
7998 968182 1
332 539995 7
10 22322 2
9974 603759 9
6153 882984 8
9332 549970 6
7977 626769 9
7075 952308 3
39 1000000 3
7558 716225 8
378 659223 5
0 132 1
1405 52064 3
2684 313879 3
2519 171840 3
5579 763362 2
4153 196591 1
646 753992 3
3376 156586 6
1516 476245 5
873 84000 1
21345 4441283 13
9324 755359 1
0 100 2
4766 385349 3
6673 645665 9
1363 123520 8
100000 1000000000000000000 3
1396 974496 5
6574 530230 2
121 131 1
2035 587687 6
3127 909969 3
8229 384684 2
5303 577653 4
6311 744038 5
6366 921028 2
5759 165757 6
4131 988357 1
8145 485026 9
