100
89 74
88 94
49 9
62 4
98 3
81 94
6 54
85 53
12 57
29 9
80 94
92 35
47 13
63 94
30 81
95 82
11 20
90 30
67 70
88 86
81 82
12 9
68 60
38 17
81 38
67 23
67 26
71 24
7 32
62 44
33 16
59 82
28 86
73 64
18 12
34 13
7 95
77 8
24 18
34 62
97 63
73 27
48 72
67 77
16 49
100 41
68 38
90 71
98 27
96 88
22 3
95 30
67 34
97 87
39 22
10 5
42 84
88 49
89 50
89 37
4 64
68 40
66 43
21 45
59 53
52 71
95 42
53 11
97 75
31 22
46 37
62 53
11 0
31 98
60 13
97 9
50 64
31 2
91 98
75 29
33 94
81 91
57 70
84 23
85 81
16 34
7 35
73 78
84 4
59 25
27 52
10 56
50 91
92 41
71 8
97 74
87 99
26 43
24 64
85 31
