20
18
131868514 117593428 899319308 72068177 834028707 992599976 273469690 795267007 532212910 550130033 213035401 980460308 143832619 479525303 339474662 304506539 893885162 231874884 
21
130745056 640426076 129588008 556631087 364683414 444600344 856662838 639037798 808486319 921504856 493355140 693698819 413017495 698898553 841175535 83830311 311693754 24072575 154942101 592263638 533633034 
14
477182553 622892919 886719866 984102258 793625698 566996823 580778629 339380504 373784476 540660006 631355815 979116051 725083957 45851256 
25
474819352 723236641 109446469 438111036 577261954 986545303 357679209 432685883 421286350 588563091 522957349 181359471 116022816 285045842 70413468 304658409 337786045 870943704 866011735 917332412 631976079 77666413 875900609 314131331 297844644 
23
123967148 681199067 948380591 668162866 538119883 900476388 566135942 164070597 553160758 603168708 7258786 200503083 432952553 407662372 190811042 484955518 332387908 296982449 793315528 910066975 320371084 315877276 825728378 
18
830910057 584391195 386829250 959858712 272215398 857027046 522049231 297834499 714005109 544520122 219864946 246856544 579307368 716947673 955672226 466932833 643668089 802592136 
32
6643838 78702787 220686224 549180468 725214450 775274182 338865343 325210038 864162621 882106599 223444836 331082501 574722464 413428717 748826325 368239948 812819876 293938565 919155180 615600344 220317331 353528512 343948166 237051803 623408125 283027088 681091843 461502892 274988085 236376142 102114505 522712005 
50
947224119 587302593 436710340 352788270 31418858 411689176 306773290 132529898 748884204 4080000 954536351 638533224 94683428 111244844 911365484 425960272 319351647 580147159 599489023 611111692 875957709 768042878 317243499 313300299 964731010 175144097 492476901 922451074 626124790 439968198 687512136 554262630 729211781 431813366 907864722 358323827 160505840 147815487 854118757 310718056 79551451 271718448 756552583 765542601 841985101 674151007 113567842 357295964 33230130 511399399 
22
294115756 965766108 45188578 852692000 746242953 772792702 154184692 753146764 65207174 325342640 877737664 758873537 608489338 435717870 669042800 90549470 454691072 515447577 111580977 778557094 398959095 739378164 
8
256955645 969352962 966696360 405124015 903190126 351538696 639643456 309981786 
18
268897461 688297774 414919411 351709948 426133240 867348420 705791802 777247457 142108035 728611772 907564533 431796849 18187854 236903089 579669357 861869801 974018325 787575204 
48
228051757 371440085 1801591 773598797 666665025 403986259 129705845 432690779 502716369 56784789 548704200 99780978 343035050 484965990 419993602 791783151 25765182 212138966 527722901 226742453 875759653 294534328 377711195 855756199 881780887 861617955 715372814 677582383 531151090 529125106 507970513 484391610 345862970 14935620 540000933 535008314 966672788 939524604 124856821 549216419 452358858 307925058 983483147 34733934 41592522 276774144 111861400 357789720 
37
933913189 115249968 737406116 884015510 683973478 888010187 311114261 770468467 543999032 754636870 754982645 761843002 989504215 223704544 879208402 282285837 714100611 267841469 876608955 825227573 419569982 108592487 403764423 767706521 782462543 242517319 780973198 772414280 614332609 656880944 70506670 261773558 72198885 520854741 509181255 557484918 811103691 
26
949152639 259442757 724947405 567387288 265245696 538963455 187943685 218821649 591827317 282941671 129815506 567670528 743218448 380338532 88648023 834120203 157742855 633080958 169443324 727334590 130020626 133093477 219144171 672612363 890631407 170796779 
46
548483781 192994527 338463237 618238505 93003299 459363366 369586253 652966435 103983684 796782478 981042563 427697595 196159653 127169509 210616583 614196594 660325036 722849914 889105505 778871433 631278625 918504868 64766394 20206474 933207983 739748667 311444576 2218685 627860840 984575261 325918534 12759220 36087614 726641579 428270465 733095616 609716619 994633289 150645452 758133625 740574602 77469665 58675717 897153337 407780315 453340512 
30
298387617 872710403 974387768 948908141 447303956 565386730 765277405 255171468 227345207 932822107 124500808 59106681 531326840 160992647 12906871 320723015 235388547 335454338 794404843 18231340 727009742 92464837 399502376 721521665 667522574 962968234 32419640 399555013 978438592 556441587 
25
152623386 598567330 52997188 73923210 276897222 957696310 61272484 428020978 778679348 855874886 847001856 164350329 139983345 505166426 546756264 442896445 479665199 776342852 609161424 843467231 487516741 558152597 446344209 983167491 262979116 
33
549172197 773347796 748206340 586773391 871801134 452906621 909077389 403776178 874351279 192208305 646760622 702203185 892796817 92818979 52413938 171458548 873124320 370606095 23941638 578848165 969409292 356097456 889256765 343074612 57618537 408849863 38163980 75005012 177656239 762803739 128732046 372336123 318654330 
3
965953024 618276070 861526475 
26
541700422 661757970 303470213 871082475 521484133 89658180 43103729 515791025 748185351 46446466 681419578 136255305 235216890 428615576 538803954 181500431 299090865 712153749 572745100 264505828 382817729 594256971 235328991 168784559 403986533 801406930 
