100
1000 1
500 44
871 75
793 69
835 62
254 30
2 50
451 5
758 85
950 95
924 39
3 10
1000 5
397 40
40 62
440 28
428 98
2 95
320 75
424 35
684 94
758 96
906 56
801 16
452 71
2 97
125 51
398 61
355 11
537 11
592 91
95 37
748 77
965 51
808 71
1000 95
30 46
252 96
2 2
226 22
2 36
918 38
772 5
1000 96
1000 3
824 54
712 1
508 54
964 38
838 46
908 56
551 71
24 85
279 28
2 96
387 98
853 50
635 54
1000 99
915 30
555 27
1000 4
2 99
245 99
494 92
2 5
81 39
633 94
978 10
372 41
892 10
289 48
1000 97
13 37
2 4
958 86
2 3
2 98
921 39
2 1
443 91
295 30
744 3
885 57
270 26
108 30
5 75
875 93
1000 98
728 33
289 65
1000 2
642 34
755 11
779 34
492 12
758 81
582 60
894 97
169 3
