976
20592
2400
900360029
6840
16128
15876
54432
110250
31200
8960
5280
150528
43200
56700
4608
725573
673921
30
194241
36864
633
125
5824
19008
279936
170
21383
5657
900
17550
22176
116
787320
68040
14336
420
2403381
16224
813
46464
46
18
25600
4160
40
8826131
1530
8087519
15120
72900
56448
94770
19656
180000
672
17920
70400
39600
165888
128
80
21
7560
28672
29160
3
116640
4536
1817
34
33108
225792
94
364500
16800
13056
1764
20
5250
1249
4050
12000
16000
131980
50000
98
3375
1000000000
938017885
5120
11664
69
8424
74088
153600
216
7455307
559
35
196608
782
97200
172032
388800
29400
216000
28800
8660
8772
442368
55296
3864
540
3780
34560
96768
96
103680
62
32670
81920
336000
4374
964532929
29
323
86016
482421315
70560
986129769
75264
1500
71
69120
17136
587234
30030
43680
124
300
63
23100
9800
276480
92317161
2160
64152
257
161280
362880
13
1134
49000
259200
126
460800
300000
66
625433749
18240
20000
17424
21504
349920
1260
101250
72000
131
40320
31752
230400
42336
51840
5760
120000
82944
145800
52488
23040
103
162000
37
8372259
9409159
5000
5346
805306368
102060
4158
240000
124416
65
67500
126720
54
3960
8208
3312
108
14040
151200
281250
7290
58320
2640
7025
32400
67200
8448
19200
132300
4733
6300
20160
4655
949106497
969
84240
32256
7200
8064
5200
7785
134400
48510
11000
21600
69984
40824
226800
8976
7389
32640
112000
307200
30240
2707
17820
136080
1584
414720
74880
396
5376
33401221
241920
18720
17
340200
281
12348
6399199
107520
11264
44928
176400
48384
235200
2025
362
9216
169344
70000
52
5073
64512
665
77760
55
122877509
59
40950
100800
3564
1001604
214573
224
160
474
291600
39936
120
87480
3072
131220
163296
115
24750
63504
95256
37800
31
90
405000
42
2940
510205
15288
118800
21384
3584
13230
245760
700
1671
3900
2688
2310
567
23400
622080
45
2250
28080
480000
110
56
16320
64922375
64680
70235461
85712697
24192
2592
118272
409342369
3360
2268
792
108864
15750
3645
998506315
41580
8316
16200
24000
19800
99840
29700
47628
288000
9240
71280
5600
345600
80949857
112896
12544
1960
200000
42755209
8250
79
32000
89
4680
44
1520
32768
98304
29952
34300
7040
1048576
22950
14400
1904
63360
2560
15552
10240
1440
1620
8320
53940
7056
2520
25490988
33750
3264
3000
170100
3120
51030
73
6804
57
102
26
697106497
10752
43
12672
4480
243000
346742385
26880
519
24300
67584
9900
88704
1
999999937
9450
29484
91857
699840
204120
114688
105840
12096
81000
67
7776
524880
2736
24480
42105
468
30720
11016
85881
391
5520
21000
3456
2016
16524
18480
256000
21870
57600
6037
45360
142884
981028563
999999999
262440
2304
186624
14
22848
127
25200
472392
22500
2600
504
62208
922505446
71805
8624
4000
15400
198450
50544
15840
14560
74
466560
4320
331776
54600
92
16380
864
73728
28000
2100
9600
49280
17280
54000
66150
118263990
7
2376
322081025
139968
5
10500
4675
111
184320
916855204
84579
76
473
13824
696
33696
517759
29120
5721
1512
7920
90720
1944
23232
86400
157464
11085765
999999998
40960
967669583
77
123480
76800
38497
10000
7296
68
49896
2352
1001
81648
5767201
49920
11232
58054077
64
123
141120
2340
15680
10080
38400
58
9489
108000
746803744
48238
14112
155520
27000
28512
96228
164640
244944
524288
1836
135
7897861
104
81
459270
168960
189
49
20736
32076
38880
51
60
3600
211680
67893369
3240
4788
70
393216
82268566
1728
86
1890
24
5304
268800
41600
583200
115248
11
3696
84000
8000
1920
180
546750
207360
38
43740
76032
35280
5940
35100
38016
2430
33792
112
961175759
1741
32
3024
16464
8
92400
61740
83160
48000
31590
46080
301056
107
448
10
31680
688978813
4539685
97
3157819
4560
217728
552960
75600
4620
408240
70200
59136
4914
373248
395
53
57024
72
127008
518400
6720
314928
27216
93
30973
48600
8100
96000
34020
221184
998244353
144000
641
14700
926315427
3509575
18816
12240
4752
432255
50
63180
324000
129024
78000
7500
88
9180
47
5601
576
360000
8748
18432
248832
65610
2906162
48
36283838
236250
589833267
163840
122880
122
78750
47958485
89600
5040
6541551
912
457481
621008
181440
105
87
432000
8400
23328
49500
4200
34944
99000
9408
78
3168
117
12150
79200
194400
37440
501
61440
21840
100696425
655360
7390
101
193536
816
20480
27184698
12870
49152
93312
179200
4725
28
904152917
1600
12288
4312
375000
393660
934
64800
98415
16
768
4032
33
4
54880
129
226151256
50400
99
4896
17640
1680
1824
95040
63000
4488
193
49392
441
150000
7392
9425
132000
2097152
9000
85
983900459
13122
1632
5616
8550
52800
192
288
13440
147456
987
9827
21168
60480
4800
6480
174960
302400
145152
1323
45000
6
53760
133650
1615
306180
5808
34848
56160
10800
201600
5625
19440
630
1056
476014
3528
209952
5184
994617
11340
13500
15
957262828
1701
168000
35503
89100
72576
640
10368
368640
10260
69888
113
311040
13680
23
25002
75
10560
24696
42120
6400
491520
84480
430080
361
7680
106
36
57344
34111
22680
115200
2618049
57624
202500
25920
12768
1100
91
3510
61966
7128
109
9100
1000000
94080
10710
646
128000
80640
44800
12800
270000
22464
105600
41472
105000
85536
8347
810
786432
660
233280
5044
3371
79548
192000
1008
23115571
1800
546
125440
294912
33600
42768
42000
94500
32805
7938
2000
6075
26460
21952
614400
653477439
23760
182250
59400
2156
13860
9
2431
954158175
29250
104976
4943
121
536870912
486000
142560
2730
2880
5400
20328
4704
322560
18000
31104
27720
1386
1215
14688
22
58800
47040
50688
5297
31500
47473
8640
84
252000
215040
1848
35640
2720
52920
6765
2070
110592
12960
6750
4410
119
2
989447237
24576
44550
118
129600
135000
95
66528
25
9504
6930
83
6552
27456
92160
138240
2200
8015864
65536
282791
85050
60000
36960
3888
47520
121500
27
5361
14256
52416
589824
971866761
272160
320
6144
405
6600
5016
4173641
196830
6000
23814
19
15390
327680
172800
82
