1
50
12950978 10107365 7981034 1572495 13549019 655413 15401165 16656179 3846451 511190 2965768 3070755 9505448 8830912 5183646 12307813 10042119 8443849 17808958 3124417 3320215 8299979 18992172 773873 15857870 12375924 2056513 80773 6610215 6326442 15547401 12533078 10141195 5407641 3619594 11236004 17899756 12347226 445476 1201615 7560049 19766081 14538516 3035822 17306571 19624131 2677522 6674576 11116583 2273794
20 1
20 25
25 28
28 37
12 37
33 12
40 33
3 40
6 3
6 35
35 19
39 19
39 16
16 7
41 7
27 41
27 18
18 48
5 48
4 5
4 38
38 29
10 29
34 10
34 2
36 2
36 22
22 24
24 9
9 42
45 42
23 45
11 23
46 11
46 47
47 17
17 15
32 15
8 32
13 8
50 13
21 50
21 43
43 49
31 49
44 31
26 44
26 30
14 30
